cat ../Data/Large/input.data ../Data/Large/output.data | ./runproject 2> Debug.txt

// Running Original, Sequential Project Program
// OUTER=128, NUM_X=256, NUM_Y=256, NUM_T=128.
1		// VALID   Result,
197598939		// Runtime in microseconds,
1		// CPU Threads,


 [ 0.030000 , 0.029194 , 0.028751 , 0.028313 , 0.027880 , 0.027453 , 0.027031 , 0.026615 , 0.026205 , 0.025800 , 0.025402 , 0.025009 , 0.024622 , 0.024240 , 0.023864 , 0.023493 , 0.023128 , 0.022769 , 0.022414 , 0.022065 , 0.021721 , 0.021382 , 0.021049 , 0.020720 , 0.020396 , 0.020077 , 0.019763 , 0.019454 , 0.019149 , 0.018849 , 0.018554 , 0.018263 , 0.017977 , 0.017695 , 0.017417 , 0.017144 , 0.016875 , 0.016610 , 0.016349 , 0.016092 , 0.015839 , 0.015590 , 0.015344 , 0.015103 , 0.014865 , 0.014631 , 0.014401 , 0.014174 , 0.013950 , 0.013730 , 0.013514 , 0.013301 , 0.013091 , 0.012884 , 0.012681 , 0.012481 , 0.012284 , 0.012090 , 0.011899 , 0.011712 , 0.011527 , 0.011345 , 0.011165 , 0.010989 , 0.010815 , 0.010644 , 0.010476 , 0.010310 , 0.010147 , 0.009987 , 0.009829 , 0.009673 , 0.009520 , 0.009370 , 0.009221 , 0.009075 , 0.008932 , 0.008791 , 0.008651 , 0.008515 , 0.008380 , 0.008247 , 0.008117 , 0.007988 , 0.007862 , 0.007737 , 0.007614 , 0.007494 , 0.007375 , 0.007258 , 0.007143 , 0.007030 , 0.006919 , 0.006809 , 0.006701 , 0.006595 , 0.006490 , 0.006387 , 0.006286 , 0.006186 , 0.006088 , 0.005992 , 0.005897 , 0.005803 , 0.005711 , 0.005620 , 0.005531 , 0.005443 , 0.005357 , 0.005272 , 0.005188 , 0.005106 , 0.005025 , 0.004945 , 0.004866 , 0.004789 , 0.004713 , 0.004638 , 0.004564 , 0.004491 , 0.004420 , 0.004349 , 0.004280 , 0.004212 , 0.004145 , 0.004079 , 0.004014 , 0.003950  ]	//PMPH Project Result

